100
44
18470
6337
26503
19172
15727
11481
29361
26965
24467
5708
28148
23284
16830
9964
494
2998
11945
4830
5439
32394
14607
3905
156
295
12385
17424
18719
19721
19898
5450
21729
14774
11541
1872
19915
25670
26302
17038
9897
28706
23814
31325
30336
17676
4667
15144
7714
28256
6871
25550
27647
32665
32760
20040
12862
8726
9744
27532
781
12319
3038
22193
1845
291
30109
9043
8945
19267
22651
27449
23808
15893
6732
24373
15353
15009
31104
24396
3551
19632
12626
24087
19957
18759
11843
4969
7379
13934
26311
16947
32442
24629
11326
5540
21541
16121
2085
22932
16544
